<<<<<<< HEAD
{'d2lnv_gamma_lambda': array([[-2227929.47475018, -2076018.31770527, -1934318.52735413],
       [-2310568.06646158, -2136835.71109846, -1999083.37453541],
       [-2374267.42104312, -2196235.43761706, -2048272.07835279]]), 'd2lnv_gamma2': array([[ 8471744.3534698 ,  8673171.42911611,  8813677.63249152],
       [ 8673171.42911611,  8813677.63249152,  8919198.06659656],
       [ 8813677.63249152,  8919198.06659656,  9015129.4997915 ]]), 'd2lnv_gamma_psi': array([[ 3989429.59868288,  4135158.63891175,  4266332.61287035],
       [ 4135158.63891175,  4266332.61287035,  4354078.59919324],
       [ 4266332.61287035,  4354078.59919324,  4411633.31670081]]), 'd2lnv_psi_beta': array([[  3.52690119e+05,  -1.94167360e+06,   1.60960311e+05,
         -2.52047850e+05,  -3.09181983e+05,  -1.79112644e+05,
          4.08412582e+05,  -1.15522825e+06,   5.16128925e+04,
          4.41442817e+02,  -2.98721026e+06,   2.89625094e+05,
          7.87896571e+05,  -4.64005810e+03],
       [  4.72407195e+05,  -2.62645469e+06,   1.98076523e+05,
         -1.44355756e+05,  -5.13902706e+05,  -3.61323831e+05,
          5.76260855e+05,  -1.78991115e+06,   7.35979843e+04,
         -3.41601771e+02,  -4.28881728e+06,   4.21796730e+05,
          1.09649161e+06,  -1.10196951e+04],
       [  5.44774422e+05,  -3.03652865e+06,   1.79010187e+05,
          1.14280810e+05,  -5.94978117e+05,  -4.46902758e+05,
          6.83356267e+05,  -1.59504908e+06,   6.14398907e+04,
          3.06254120e+03,  -4.35178596e+06,   4.68646666e+05,
          1.29924426e+06,  -7.35029269e+03]]), 'd2lnv_psi_lambda': array([[-2073276.41161481, -1904083.07903967, -1819948.47766145],
       [-2145290.88303877, -2015200.92431208, -1869553.68017285],
       [-2246868.71188005, -2077435.98457986, -1949894.67071803]]), 'd2lnv_gamma_z': array([[ 665528.29863694],
       [ 719460.04400498],
       [ 764494.51679952]]), 'd2lnv_gamma_rho': array([[-2227929.47475018, -2076018.31770527, -1934318.52735413],
       [-2310568.06646158, -2136835.71109846, -1999083.37453541],
       [-2374267.42104312, -2196235.43761706, -2048272.07835279]]), 'd2lnv_psi_z': array([[ 535488.14701103],
       [ 611596.55326891],
       [ 674425.57121043]]), 'd2lnv_gamma_beta': array([[  5.42556561e+05,  -3.02326419e+06,   2.13669637e+05,
          5.07655275e+03,  -6.43460011e+05,  -4.90396839e+05,
          6.71309094e+05,  -1.77030110e+06,   6.90554957e+04,
          5.28362105e+02,  -4.64774553e+06,   4.82424955e+05,
          1.27059175e+06,  -9.60709063e+03],
       [  6.12705927e+05,  -3.42007368e+06,   2.29262751e+05,
          1.54508861e+05,  -7.73017317e+05,  -6.19469848e+05,
          7.66357334e+05,  -1.75069105e+06,   6.45130071e+04,
          1.39832598e+03,  -5.00667378e+06,   5.43053180e+05,
          1.44469188e+06,  -8.19448618e+03],
       [  {'d2e_lambda2': array([[-6146803.9126558 , -5807973.23803543, -5588997.90200683],
       [-5807973.23803543, -5588997.90200683, -5478217.11633843],
       [-5588997.90200683, -5478217.11633843, -5351743.15281799]]), 'd2lnv_lambda2': array([[ 5647978.25110965,  3979277.59505285,  3758922.79076629],
       [ 3979277.59505285,  5421540.18998616,  3827926.3545118 ],
       [ 3758922.79076629,  3827926.3545118 ,  5400417.09874068]]), 'd2e_lambda_beta': array([[  554833.3762694 , -3919844.50221378,    53132.68493945,
        -2013999.41871726,  1833161.74510{'d2lnv_gamma_lambda': array([[-2338435.14621549, -2169286.92945011, -2012447.31900041],
       [-2441282.56517722, -2248090.01627124, -2090251.41804027],
       [-2529422.03591128, -2326727.256934  , -2153304.07135733]]), 'd2lnv_gamma2': array([[ 8351859.89327901,  8617773.20980879,  8803918.71345876],
       [ 8617773.20980879,  8803918.71345876,  8931422.15000693],
       [ 8803918.71345876,  8931422.15000693,  9033089.58751293]]), 'd2lnv_gamma_psi': array([[ 3893458.45099885,  4068568.59435985,  4240317.2822863 ],
       [ 4068568.59435985,  4240317.2822863 ,  4361110.32772163],
       [ 4240317.2822863 ,  4361110.32772163,  4437323.24613199]]), 'd2lnv_psi_beta': array([[  5.68513305e+05,  -3.32328506e+06,   2.20239611e+05,
         -5.33880537e+05,  -2.96917281e+05,   1.69408869e+04,
          6.32525441e+05,  -2.19883172e+06,   7.72075506e+04,
          8.97788235e+02,  -4.93764422e+06,   5.04801878e+05,
          1.40474595e+06,  -3.94549101e+03],
       [  7.31771511e+05,  -4.27339971e+06,   2.72109635e+05,
         -4.30340163e+05,  -5.34184692e+05,  -1.75265762e+05,
          8.51033520e+05,  -3.09235340e+06,   1.05866554e+05,
          2.20720795e+02,  -6.61454641e+06,   6.77950035e+05,
          1.83138084e+06,  -1.06444603e+04],
       [  8.43784386e+05,  -4.92177234e+06,   2.58571730e+05,
         -1.52026596e+05,  -6.44481352e+05,  -2.71503360e+05,
          1.00076924e+06,  -2.99447486e+06,   9.48579788e+04,
          3.61939096e+03,  -6.95898842e+06,   7.58925048e+05,
          2.14000322e+06,  -6.58005686e+03]]), 'd2lnv_psi_lambda': array([[-2175272.97528983, -1985413.21181566, -1889273.56863087],
       [-2251921.73206329, -2105303.25969499, -1948242.17462075],
       [-2367933.14105093, -2183531.63307653, -2040649.74535472]]), 'd2lnv_gamma_z': array([[ 613626.50895984],
       [ 671200.29498793],
       [ 724197.9927999 ]]), 'd2lnv_gamma_rho': array([[-2244617.80976294, -2080089.0569258 , -1925696.1442653 ],
       [-2343924.67632002, -2155774.65832819, -2000813.08953473],
       [-2428901.7977921 , -2231710.43986846, -2061501.70631702]]), 'd2lnv_psi_z': array([[ 490471.54917594],
       [ 562368.96070153],
       [ 624073.63519951]]), 'd2lnv_gamma_beta': array([[  8.33422190e+05,  -4.85903310e+06,{'d2e_lambda2': array([[ 1208838.83090032,  1816535.39004339,   260832.58541057],
       [ 1816535.39004339,   260832.58541057,   142489.11157887],
       [  260832.58541057,   142489.11157887,    95380.25512925]]), 'd2lnv_lambda2': array([[ 393559.83943348, -198144.38707079,  -72420.88783716],
       [-198144.38707079,  472360.19602379,  -40328.91809777],
       [ -72420.88783716,  -40328.91809777,  463064.66584548]]), 'd2e_lambda_beta': array([[  -14035.62763233,    74099.65027616,   -99471.35844186,
         -326739.1784801 ,   191924.94009609,    31289.89589179,
          -50243.99052899,   506381.86098626,   -10652.86545801,
            2505.13108357,   -29618.18842058,   -25042.66599309,
           98558.4194328 ,    13662.40003386],
       [  -13940.85519607,    50697.04772736,    34716.8627876 ,
          -33833.88962824,   172687.54798258,   -17279.19315712,
            8188.13286552,   -70018.83849688,    -7009.97372161,
            2887.02580275,   485600.8122637 ,   -23826.24990736,
           91341.67319245,     5694.53304329],
       [  -13767.11450865,    58512.04614339,   101746.{'d2lnv_gamma_lambda': array([[ 102163.12046961,  163635.85290302,  247399.61176091],
       [ 112721.04556321,  168661.7636874 ,  251119.6258943 ],
       [ 116104.89420331,  167566.36988296,  254323.71367001]]), 'd2lnv_gamma2': array([[ 2633372.47486294,  2613119.024603  ,  2615426.79388601],
       [ 2613119.024603  ,  2615426.79388601,  2614881.39119469],
       [ 2615426.79388601,  2614881.39119469,  2605824.19860154]]), 'd2lnv_gamma_psi': array([[ 1377022.79669636,  1367186.35207689,  1342823.83357394],
       [ 1367186.35207689,  1342823.83357394,  1346147.15349573],
       [ 1342823.83357394,  1346147.15349573,  1351167.0180628 ]]), 'd2lnv_psi_beta': array([[ -7.02026657e+03,   5.78707478e+04,   4.38976990e+04,
          5.56742029e+05,  -1.59936653e+05,  -1.17014383e+05,
          6.81340196e+04,  -2.72832167e+05,   3.03714332e+03,
         -9.91318372e+02,  -1.54964323e+05,   1.22060387e+04,
         -5.38289978e+04,   1.93899345e+03],
       [ -3.99524230e+03,   4.21782946e+04,   3.01514318e+04,
          5.48562883e+05,  -1.75089789e+05,  -1.35103447e+05,
          6.72459003e+04,  -2.09479835e+05,   3.49386149e+03,
         -1.14616181e+03,  -1.28234127e+05,   1.27051985e+04,
         -4.68309292e+04,   1.09345389e+03],
       [ -2.17008832e+03,   3.32257096e+04,   1.98234100e+04,
          5.37795428e+05,  -1.77081100e+05,  -1.46667668e+05,
          6.46342303e+04,  -1.30425031e+05,  -2.49837502e+03,
         -2.33530551e+02,  -2.52070063e+05,   1.54202113e+04,
         -3.13093383e+04,   2.49732126e+03]]), 'd2lnv_psi_lambda': array([[  89846.36227776,  139393.76235442,  236268.84694319],
       [  {'d2e_lambda2': array([[ 1024623.83968349,  1200395.34241606,   403596.81321128],
       [ 1200395.34241606,   403596.81321128,   266895.08190105],
       [  403596.81321128,   266895.08190105,   169153.9907349 ]]), 'd2lnv_lambda2': array([[ 61501.06684458,  10805.37337659, -17144.89967422],
       [ 10805.37337659,  74768.49359273,  10913.32035463],
       [-17144.89967422,  10913.32035463,  80358.59025051]]), 'd2e_lambda_beta': array([[  -9568.41952681,   50650.57007271,  -71573.53314193,
        -292245.61125776,  340707.1594911 ,  282293.73556575,
         -43178.25315584,  396702.56837107,   -8116.67523633,
           2236.13926526,  -16619.58692746,  -20452.07895209,
          96655.9437654 ,    9204.9314874 ],
       [  -9466.48947047,   30732.48111836,   39312.3013226 ,
         -32969.69806167,  181442.46402333,   56966.56435948,
          -1258.36480217,  -53812.90671261,   -3552.92096095,
           2502.02748359,  292958.69497714,  -17602.76190114,
          75124.10071582,    4013.34591052],
       [  -9302.1442719 ,   34869.06488816,   81399.61181498,
         -29011.4173533 ,  164079.80148102,   81897.31519428,
         -21241.06901265,   -9924.75182597,    8662.36936979,
          -1736.09199413,  777288.23507705,  -21668.65043187,
          31203.00063643,    -924.81363684]]), 'd2e_lambda_rho': array([[ 787666.78178735,  665222.54246262,  190787.05051344],
       [ 665222.54246262,  190787.05051344,   71833.23445341],
       [ 190787.05051344,   71833.23445341,  -11453.93548782]]), 'd2lnv_lambda_beta': array([[ -1.10592727e+04,   8.18314328e+04,  -7.15747082e+03,
         -5.61556304e+04,  -2.50376806e+04,  -4.18804064e+04,
          1.68071547e+{'d2lnv_gamma_lambda': array([[  59177.32540504,   84996.82561151,  105398.72361176],
       [  61142.4385462 ,   87145.27737268,  106970.77207259],
       [  64261.1321221 ,   87547.62902195,  107560.10733737]]), 'd2lnv_gamma2': array([[ 1578601.14808719,  1569551.77722081,  1564035.86030061],
       [ 1569551.77722081,  1564035.86030061,  1559861.00207117],
       [ 1564035.86030061,  1559861.00207117,  1551985.33983614]]), 'd2lnv_gamma_psi': array([[ 798998.59962919,  800387.06418101,  793884.00106602],
       [ 800387.06418101,  793884.00106602,  790389.64126517],
       [ 793884.00106602,  790389.64126517,  790366.99778598]]), 'd2lnv_psi_beta': array([[  1.27965458e+04,  -8.01721278e+04,  -6.89424567e+04,
          3.06762647e+03,   9.77373584e+05,   1.53735765e+06,
          6.84990610e+04,  -2.08364116e+05,   2.07474739e+03,
         -4.16885756e+02,  -2.97493768e+05,   7.47785628e+03,
          6.49267046e+04,   2.78680360e+03],
       [  1.03984985e+03,   2.93155355e+03,  -1.51448867e+03,
          1.89622476e+05,   1.30567884e+05,   2.61192116e+05,
          2.37291254e+04,  -9.84799742e+04,   1.68536529e+03,
         -8.89295388e+02,  -5.54651068e+04,   5.09909599e+03,
         -5.93065740e+03,   1.54111840e+03],
       [ -2.02966826e+03,   2.33588078e+04,  -7.07409565e+03,
          1.79806970e+05,   2.66921383e+04,   9.41510380e+04,
          1.94352538e+04,  -4.51860077e+04,  -3.83689448e+02,
         -1.03254760e+02,  -5.80682501e+04,   3.65374982e+03,
         -1.31367019e+04,   1.61279983e+03]]), 'd2lnv_psi_lambda': array([[  51152.03569452,   88469.96163375,   70271.53451462],
       [  57231.91585276,   83089.4663426 ,  104418.19250781],
       [  57825.57991989,   87280.34494529,  107203.63372948]]), 'd2lnv_gamma_z': array([[ 324621.01407137],
       [ 254658.42623991],
       [ 214706.89341236]]), 'd2lnv_gamma_rho': array([[ 148156.42873289,  143112.83746531,  127192.68201392],
       [ 151273.98114957,  145793.71832546,  128681.83264788],
       [ 155400.84598906,  146945.97162918,  129631.28822704]]), 'd2lnv_psi_z': array([[ 1312638.3763444 ],
       [  409481.35211791],
       [  302685.8446573 ]]), 'd2lnv_gamma_beta': array([[   -739.43967247,   15266.91487425,   -3773.36895036,
         179215.98013547,   55907.11129839,  140723.43715962,
          21830.82661733,  -71553.09463679,     581.99676297,
           -647.73270738,  -45730.35196317,    4410.00608261,
         -12157.34873189,    1535.8578695 ],
       [  -2270.21757318,   25913.0399786 ,   -5890.77284869,
         171840.18294341,   -7328.58030815,   38959.5{'d2lnv_z_beta': array([[  7.72840972e+02,   8.77219742e+03,   6.96366031e+04,
          4.04428763e+05,  -5.22907156e+05,  -7.79006870e+05,
          1.84065163e+04,  -7.35720970e+04,   6.11816563e+02,
          2.42341189e+02,   4.81647398e+04,   9.75955316e+03,
         -1.93894752e+04,  -1.65668540e+03]]), 'd2lnv_mu_rho': array([[ 16217.54026448,  14878.14225466,  13027.953389  ]]), 'd2lnv_mu_beta': array([[  -429.14319387,   4064.78340048,   -773.40253453,  16682.28214606,
         -3536.67331668,   -349.99982597,   1637.79027154,  -8575.87084237,
           -71.46943585,    -81.94173821,   1506.70434098,     93.6340918 ,
         -3013.48183611,    109.07718857]]), 'd2lnv_rho_beta': array([[  63316.70311999, -362840.02820809,  -17066.48081567,
         -49848.38618262, -169521.91035851, -167836.69211262,
         104079.10828205, -360012.94486762,    8986.58655069,
          -1811.74581352, -660035.32294201,   79475.37314542,
         161557.01328952,    1149.97279239],
       [  63567.58524901, -363550.31079836,  -28541.12112769,
        -115697.39379035, -177694.08862489, -153076.94180734,
          87353.98213001, -241937.36726063,    6980.89666296,
           -930.45290217, -741604.86718294,   76936.8764564 ,
         159497.06265172,    1722.21022255],
       [  63438.66477933, -364922.78611988,  -35325.01143263,
        -134468.42508123, -163355.27126896, -136072.69933397,
          83342.58685893, -294346.33684532,    6319.36628252,
           -942.50154427, -795481.64832343,   78206.08037812,
         163907.15758736,     852.38756209]]), 'd2lnv_mu_lambda': array([[  7575.05204537,   9526.87761573,  11602.4142465 ]]), 'd2lnv_z2': array([[ 0.]]), 'd2e_rho2': None, 'mu': array([ 5.23853668]), 'd2lnv_mu_z': array([[ 23635.12756212]]), 'd2lnv_z_rho': array([[ 96364.9056603 ,  58529.23527101,  69661.50489895]]), 'd2e_rho_beta': array([[ -4.24992044e+04,   2.35810211e+05,   2.40879364e+04,
          5.15100560e+04,   2.12906750e+05,   1.40809744e+05,
         -5.89835565e+04,   1.92232075e+05,  -2.98189778e+03,
          2.55324539e+03,   5.39687340e+05,  -6.75322710e+04,
         -6.51402390e+04,   9.59120422e+02],
       [ -4.25063147e+04,   2.33514114e+05,   4.81809282e+04,
          1.20794062e+05,   1.78465156e+05,   1.18728663e+05,
         -4.55250553e+04,   7.48162406e+04,  -1.38523025e+03,
          2.22466945e+03,   5.99771819e+05,  -6.63636765e+04,
         -8.10240438e+04,  -6.38681557e+02],
       [ -4.25174515e+04,   2.37741104e+05,   4.80202857e+04,
          1.23089510e+05,   1.62464422e+05,   1.26487146e+05,
         -5.27794263e+04,   1.24652787e+05,   2.25807535e+02,
          9.56500287e+02,   6.31116011e+05,  -6.72944585e+04,
         -1.00915884e+05,  -2.06562335e+03]]), 'd2lnv_rho2': array([[ 979780.86788619,  617832.34249814,  583971.86531452],
       [ 617832.34249814,  984920.02025004,  617588.56040587],
       [ 583971.86531452,  617588.56040587,  985426.88039015]]), 'd2lnv_z_lambda': array([[ 62953.95332289,  39280.52427578,  76376.98399649]])}
<_io.FileIO name='<stdout>' mode='wb' closefd=False>
845e+04,   1.55316666e+06,  -5.42557194e+04,
         -5.15878834e+03,   2.57675694e+07,  -2.83865959e+05,
          1.06325873e+05,  -4.86706027e+03],
       [  3.30078989e+03,  -1.84578724e+04,  -4.44476554e+03,
         -2.49896232e+04,  -2.55104709e+04,  -3.31506469e+04,
          3.94901892e+03,  -2.93278049e+03,   3.70471873e+02,
          2.20510122e+02,  -2.83865959e+05,   2.34445995e+04,
          7.91037764e+03,  -8.77728705e+01],
       [  8.11423670e+03,  -4.24912415e+04,   8.17011496e+03,
         -7.61212970e+03,  -2.59715695e+05,  -4.39689882e+05,
          4.79947770e+03,   3.10931615e+04,  -2.20317876e+02,
          9.03711880e+01,   1.06325873e+05,   7.91037764e+03,
          6.38495654e+04,   9.24772755e+02],
       [ -2.00831604e+02,   1.22825650e+03,  -1.79373030e+03,
         -7.68515910e+03,  -1.01572778e+04,  -1.57889524e+04,
          6.99385243e+02,  -1.61877431e+02,  -6.37264813e+01,
          1.76840574e+01,  -4.86706027e+03,  -8.77728705e+01,
          9.24772755e+02,   1.10087062e+03]])}
<_io.FileIO name='<stdout>' mode='wb' closefd=False>
{'d2e_beta2': None, 'd2lnv_beta2': array([[  4.89919021e+04,  -2.95237641e+05,  -2.29415829e+04,
         -1.57976195e+04,  -1.09924241e+04,  -1.32964248e+04,
          3.55638316e+04,  -1.00527227e+05,   2.53864581e+03,
          2.04487261e+02,  -3.18709858e+05,   3.59621414e+04,
          1.56066571e+05,   1.63647435e+02],
       [ -2.95237641e+05,   1.99320450e+06,   7.25693420e+03,
          5.61852789e+04,   6.15526927e+04,   1.22157875e+05,
         -3.81329027e+05,   2.65822459e+06,  -8.33508957e+04,
          8.58936728e+01,   1.87610018e+06,  -2.10615130e+05,
         -9.58414235e+05,   4.82563841e+02],
       [ -2.29415829e+04,   7.25693420e+03,   1.55296542e+06,
          3.16096356e+05,   9.78557265e+04,   1.15862205e+05,
          9.64769351e+04,  -2.25621659e+06,   7.71984239e+04,
          4.22572006e+03,   7.05552676e+05,  -1.36456474e+04,
         -6.26624260e+04,  -3.48005030e+03],
       [ -1.57976195e+04,   5.61852789e+04,   3.16096356e+05,
          2.39809399e+06,   5.87614660e+05,   6.20324866e+05,
         -2.00138968e+05,   9.16790313e+05,  -3.19167652e+04,
          3.53602030e+03,   2.46627862e+06,  -4.92546297e+04,
          1.20471052e+05,  -1.66717107e+04],
       [ -1.09924241e+04,   6.15526927e+04,   9.78557265e+04,
          5.87614660e+05,   4.01941232e+05,  -1.51287309e+05,
         -1.15906344e+05,   4.30161598e+05,  -1.35650863e+04,
          2.98202652e+03,   1.50832283e+06,  -2.85431784e+04,
          1.73649938e+05,  -7.70107599e+02],
       [ -1.32964248e+04,   1.22157875e+05,   1.15862205e+05,
          6.20324866e+05,  -1.51287309e+05,  -1.63815146e+04,
         -1.82015808e+05,   1.51776316e+05,  -3.09233146e+03,
          6.17156119e+03,   5.94191847e+05,  -2.53610573e+04,
         -6.90392759e+04,  -7.76339868e+03],
       [  3.55638316e+04,  -3.81329027e+05,   9.64769351e+04,
         -2.00138968e+05,  -1.15906344e+05,  -1.82015808e+05,
          4.86455484e+05,  -3.40899151e+06,   1.16049126e+05,
         -1.15195754e+03,  -2.51396105e+05,   3.05759046e+04,
          1.21852993e+05,   6.50050656e+02],
       [ -1.00527227e+05,   2.65822459e+06,  -2.25621659e+06,
          9.16790313e+05,   4.30161598e+05,   1.51776316e+05,
         -3.40899151e+06,   1.45055532e+08,  -4.02674287e+06,
          3.07000578e+03,   6.33235220e+06,  -9.61060846e+04,
         -1.12698151e+05,   8.88322869e+03],
       [  2.53864581e+03,  -8.33508957e+04,   7.71984239e+04,
         -3.19167652e+04,  -1.35650863e+04,  -3.09233146e+03,
          1.16049126e+05,  -4.02674287e+06,   2.13496010e+05,
         -7.71863347e+01,  -2.16179691e+05,   2.62200754e+03,
         -1.12091366e+03,  -6.55074678e+02],
       [  2.04487261e+02,   8.58936728e+01,   4.22572006e+03,
          3.53602030e+03,   2.98202652e+03,   6.17156119e+03,
         -1.15195754e+03,   3.07000578e+03,  -7.71863347e+01,
          2.14330828e+04,  -2.99707540e+04,   8.28337121e+02,
         -1.44053195e+01,  -1.99293811e+01],
       [ -3.18709858e+05,   1.87610018e+06,   7.05552676e+05,
          2.46627862e+06,   1.50832283e+06,   5.94191847e+05,
         -2.51396105e+05,   6.33235220e+06,  -2.16179691e+05,
         -2.99707540e+04,   9.73450616e+07,  -1.08281320e+06,
         -1.07589408e+05,  -8.59854267e+03],
       [  3.59621414e+04,  -2.10615130e+05,  -1.36456474e+04,
         -4.92546297e+04,  -2.85431784e+04,  -2.53610573e+04,
          3.05759046e+04,  -9.61060846e+04,   2.62200754e+03,
          8.28337121e+02,  -1.08281320e+06,   1.26793553e+05,
          1.09300954e+05,   2.78102641e+02],
       [  1.56066571e+05,  -9.58414235e+05,  -6.26624260e+04,
          1.20471052e+05,   1.73649938e+05,  -6.90392759e+04,
          1.21852993e+05,  -1.12698151e+05,  -1.12091366e+03,
         -1.44053195e+01,  -1.07589408e+05,   1.09300954e+05,
          8.16901439e+05,   1.49967031e+04],
       [  1.63647435e+02,   4.82563841e+02,  -3.48005030e+03,
         -1.66717107e+04,  -7.70107599e+02,  -7.76339868e+03,
          6.50050656e+02,   8.88322869e+03,  -6.55074678e+02,
         -1.99293811e+01,  -8.59854267e+03,   2.78102641e+02,
          1.49967031e+04,   9.23929550e+03]])}
<_io.FileIO name='<stdout>' mode='wb' closefd=False>
=======
Traceback (most recent call last):
  File "b:\forskning\papers\paneltime\paneltime\paneltime\slave.py", line 69, in <module>
    main(f)
  File "b:\forskning\papers\paneltime\paneltime\paneltime\slave.py", line 29, in main
    (msg,obj) = t.receive()
  File "b:\forskning\papers\paneltime\paneltime\paneltime\multi_core.py", line 137, in receive
    return u.load()
EOFError: Ran out of input
>>>>>>> refs/remotes/origin/master
