{'d2lnv_mu_beta': array([[  5.08558658e+29,  -2.95074313e+30,   2.38805278e+29,
          8.07332055e+29,  -1.94303241e+30,  -2.54086772e+30,
         -1.91770824e+29,   1.85933916e+29,  -2.19796133e+26,
         -2.58486653e+26,  -1.04177690e+30,  -4.92999743e+27,
          1.49238675e+30,  -8.83424082e+27]]), 'd2e_rho_beta': array([[  1.32959307e+32,  -8.96589763e+32,  -2.52013496e+32,
          3.54225025e+32,   1.01399004e+33,   1.37573934e+33,
          3.83928310e+31,  -4.70448428e+31,   4.94534348e+05,
          4.36769283e+04,  -3.73987724e+32,   2.74431974e+28,
          5.06083443e+32,   1.88077171e+30],
       [  1.32959307e+32,  -8.99749295e+32,  -2.02070081e+32,
          2.74829529e+32,   1.96939355e+32,   1.80052806e+32,
          2.73698618e+31,  -2.98514526e+31,   9.62213928e+05,
          5.14933660e+04,  -3.70539756e+32,   2.74431974e+28,
          4.72702805e+32,   6.05436731e+29],
       [  1.32959307e+32,  -8.99721472e+32,  -2.18480997e+32,
          2.97223356e+32,   2.01293195e+32,   2.18583985e+32,
          1.81757340e+31,  -1.86065907e+31,  -6.64062365e+16,
          5.22662214e+04,  -3.68975196e+32,   2.74431974e+28,
          4.52237103e+32,   7.69543018e+29],
       [  1.32959307e+32,  -8.98011762e+32,  -2.62937194e+32,
          3.64109188e+32,   1.99111316e+32,   1.95495417e+32,
          3.89779071e+31,  -3.73095484e+31,   1.14155446e+06,
          5.90456540e+04,  -3.73757309e+32,   2.74431974e+28,
          4.68871133e+32,  -3.24205514e+30],
       [  1.32959307e+32,  -8.94339116e+32,  -2.29769032e+32,
          3.30811236e+32,   2.13245393e+32,   2.14660643e+32,
          3.52404524e+31,  -3.79952999e+31,  -6.64062394e+16,
          5.54136998e+04,  -3.77380171e+32,   2.74431974e+28,
          4.99959224e+32,  -3.15939341e+29],
       [  1.32959307e+32,  -8.92930456e+32,  -2.28691279e+32,
          3.34401235e+32,   2.55242553e+32,   1.96292665e+32,
          2.68169786e+31,  -2.75463910e+31,   1.41123133e+06,
          6.21673183e+04,  -3.78195392e+32,   2.74431974e+28,
          4.93658260e+32,   3.15396654e+29],
       [  1.32959307e+32,  -8.93861844e+32,  -2.68538768e+32,
          3.88713675e+32,   2.45371789e+32,   2.57064552e+32,
          2.10376851e+31,  -2.34141339e+31,  -6.64062394e+16,
          6.12647047e+04,  -3.76554138e+32,   2.74431974e+28,
          5.27760837e+32,   4.95457553e+30],
       [  1.32959307e+32,  -8.98714287e+32,  -2.38644672e+32,
          3.28100410e+32,   2.09822937e+32,   2.34009481e+32,
          2.58334324e+31,  -2.60663632e+31,  -6.58955378e+05,
          5.47324646e+04,  -3.74224534e+32,   2.74431974e+28,
          4.83578442e+32,   2.54099455e+30],
       [  1.32959307e+32,  -8.98626190e+32,  -2.61968023e+32,
          3.60461889e+32,   1.96579331e+32,   2.53585018e+32,
          1.92718251e+31,  -2.00270427e+31,  -6.64062394e+16,
          5.04578018e+04,  -3.74675969e+32,   2.74431974e+28,
          4.90419464e+32,  -1.38482690e+30],
       [  1.32959307e+32,  -8.97253596e+32,  -2.02808622e+32,
          2.83093716e+32,   2.04390574e+32,   1.57537926e+32,
          2.92879976e+31,  -3.13179948e+31,  -7.25705203e+06,
          5.11602361e+04,  -3.76199864e+32,   1.21576899e+28,
          5.08968603e+32,   2.49522282e+30],
       [  1.32959307e+32,  -8.95868424e+32,  -2.36030917e+32,
          3.34324555e+32,   2.01831296e+32,   1.80229145e+32,
          4.23394791e+31,  -4.68327570e+31,  -6.64062394e+16,
          5.81821674e+04,  -3.73695279e+32,   1.21576899e+28,
          4.93644960e+32,  -1.34063575e+30],
       [  1.32959307e+32,  -8.95204775e+32,  -2.14247320e+32,
          3.05632823e+32,   1.92850614e+32,   1.61943907e+32,
          5.14385795e+31,  -5.89358031e+31,  -6.64062365e+16,
          6.58317975e+04,  -3.74541941e+32,   1.21576899e+28,
          5.17315412e+32,   7.09787033e+29],
       [  1.32959307e+32,  -8.96091855e+32,  -2.23796385e+32,
          3.16212150e+32,   1.78525316e+32,   2.11427191e+32,
          3.03142420e+31,  -3.02297859e+31,  -2.91922209e+09,
          5.78097195e+04,  -3.74235080e+32,   1.21576899e+28,
          5.11793239e+32,   1.01956437e+30],
       [  1.32959307e+32,  -8.927{'d2lnv_lambda2': array([[ -2.81711024e+32,  -7.43723099e+31,  -2.55218591e+31],
       [ -7.43723099e+31,  -6.46911874e+31,   1.75881408e+32],
       [ -2.55218591e+31,   1.75881408e+32,  -1.81436779e+32]]), 'd2e_lambda_rho': array([[  9.09001585e+30,   4.52058357e+31,   1.06438484e+31,
          3.68579686e+30,  -3.02468316e+31,   2.90820924e+31,
          3.50113008e+31,   1.36892122e+31,  -6.62134468e+30,
          2.05657619e+31,   3.69940186e+31,   1.19141643e+31,
          5.33861156e+30,   3.27497286e+30,   4.10944313e+31],
       [  4.52058357e+31,   1.06438484e+31,   3.68579686e+30,
         -3.02468316e{'d2lnv_gamma_rho': array([[  2.86223285e+29,  -4.83471188e+28,  -4.05944183e+29,
          5.94593787e+29,   7.03365419e+29,   2.33920031e+29,
         -1.65672645e+28,   4.60011855e+29,   7.91500908e+29,
          2.17245071e+29,  -1.10624714e+28,   9.05841197e+28,
          9.31885782e+29,   5.17713187e+29,  -9.70682755e+28],
       [  1.61614142e+29,  -1.43398925e+29,  -3.91393999e+29,
          7.82693038e+29,   6.61150828e+29,   9.01940256e+28,
         -3.93623884e+28,   5.36635617e+29,   8.13590666e+29,
          6.47615753e+28,  -1.34248154e+29,   5.32630570e+28,
          1.05536140e+30,   3.84252513e+29,  -2.21030580e+29],
       [ -6.43368945e+27,  -2.61108295e+29,   1.04937126e+29,
          4.35824146e+29,   1.34992590e+29,  -1.86349406e+29,
          5.73813547e+28,   2.56507081e+29,   3.22767446e+29,
         -2.01944759e+29,  -3.70293428e+29,  -9.29457646e+28,
          5.34112251e+29,  -8.36638973e+28,  -1.91361731e+29]]), 'd2lnv_gamma_psi': array([[  9.13783254e+29,   1.02172184e+30,   5.40484704e+29],
       [  1.02172184e+30,   5.40484704e+29,   7.42190662e+29],
       [  5.40484704e+29,   7.42190662e+29,   9.47232941e+29]]), 'd2lnv_psi_beta': array([[ -8.28052382e+32,   5.58380859e+33,   1.56540033e+33,
         -2.20016916e+33,  -6.29980144e+33,  -8.54859828e+33,
         -2.39829175e+32,   2.93398077e+32,  -9.15190821e+06,
          6.78855359e+11,   2.33495445e+33,  -2.39571971e+29,
         -3.15003517e+33,  -1.16748428e+31],
       [ -3.12918341e+30,   2.11721335e+31,   5.13311850e+30,
         -6.99599410e+30,  -4.63757517e+30,  -4.90540714e+30,
         -5.25617024e+29,   5.49228741e+29,  -1.18345643e+07,
          1.35771079e+12,   8.76344719e+30,  -2.69742863e+27,
         -1.08022132e+31,  -1.34248545e+28],
       [ -4.79637978e+30,   3.24507892e+31,   8.06131773e+30,
         -1.09927550e+31,  -7.15949741e+30,  -7.88309246e+30,
         -7.34421888e+29,   7.50449413e+29,  -1.36824098e+07,
          2.71542160e+12,   1.33730614e+31,  -1.88130673e+27,
         -1.64105586e+31,  -2.12253162e+28]]), 'd2lnv_gamma_lambda': array([[  2.86223285e+29,  -4.83471188e+28,  -4.05944183e+29],
       [  1.61614142e+29,  -1.43398925e+29,  -3.91393999e+29],
       [ -6.43368945e+27,  -2.61108295e+29,   1.04937126e+29]]), 'd2lnv_psi_lambda': array([[ -5.71682187e+31,  -2.79525044e+32,  -6.59646588e+31],
       [ -4.10832429e+29,  -4.67046871e+28,   4.20494367e+29],
       [ -3.29661973e+29,   2.56895543e+28,   8.87725124e+29]]), 'd2lnv_psi_rho': array([[ -5.71682187e+31,  -2.79525044e+32,  -6.59646588e+31,
         -2.35399580e+31,   1.85621321e+32,  -1.78896830e+32,
         -2.16873283e+32,  -8.47480580e+31,   3.88241193e+31,
         -1.28005876e+32,  -2.28975638e+32,  -7.32286311e+31,
         -3.34584706e+31,  -2.10824840e+31,  -2.54329318e+32],
       [ -4.10832429e+29,  -4.67046871e+28,   4.20494367e+29,
         -4.06494536e+29,  -7.45580010e+29,  -3.77646037e+29,
         -6.22785945e+27,  -3.83388092e+29,  -7.69411150e+29,
         -3.69728566e+29,  -1.12123211e+29,  -1.27905182e+29,
         -8.08410167e+29,  -6.51173860e+29,  -2.68940292e+28],
       [ -3.29661973e+29,   2.56895543e+28,   8.87725124e+29,
         -1.12956193e+30,  -1.18730907e+30,  -3.66737457e+29,
          1.36106131e+29,  -8.16764153e+29,  -1.30441389e+30,
         -3.31467910e+29,  -1.01797120e+29,  -1.99471879e+29,
         -1.57661054e+30,  -8.52168924e+29,   2.50699430e+29]]), 'd2lnv_gamma_z': array([[ -3.99499558e+28],
       [ -4.30652252e+28],
       [ -1.33070726e+28]]), 'd2lnv_gamma2': array{'d2lnv_lambda2': array([[ -4.21442936e+16,  -4.22297412e+16,  -3.29560572e+16],
       [ -4.22297412e+16,  -4.68997812e+16,   1.16250972e+15],
       [ -3.29560572e+16,   1.16250972e+15,  -1.70015745e+16]]), 'd2e_lambda_rho': array([[  1.94379273e+17,   4.32786263e+15,   1.83315845e+16,
          2.52890389e+15,   7.25132420e+14,  -1.20313476e+16,
          1.01738473e+16,   1.38078751e+16,   5.93042782e+15,
         -1.54970447e+15,   9.45731672e+15,   1.68928502e+16,
          9.64643024e+14,  -1.95278149e+14,  -2.80955874e+15],
       [  4.32786263e+15,   1.83315845e+16,   2.52890389e+15,
          7.25132420e+14,  -1.20313476e+16,   1.01738473e+16,
          1.38078751e+16,   5.93042782e+15,  -1.54970447e+15,
          9.45731672e+15,   1.68928502e+16,   9.64643024e+14,
         -1.95278149e+14,  -2.80955874e+15,   1.62114921e+16],
       [  1.83315845e+16,   2.52890389e+15,   7.25132420e+14,
         -1.20313476e+16,   1.01738473e+16,   1.38078751e+16,
          5.93042782e+15,  -1.54970447e+15,   9.45731672e+15,
          1.68928502e+16,   9.64643024e+14,  -1.95278149e+14,
         -2.80955874e+15,   1.62114921e+16,   9.85046379e+15]]), 'd2lnv_lambda_beta': array([[ -1.30622807e+17,   8.77409520e+17,   1.56224400e+1{'d2lnv_gamma_rho': array([[ -5.41584852e+16,  -7.87877717e+16,  -3.82314187e+16,
         -3.33429854e+16,   8.08230656e+15,  -1.20116594e+16,
         -9.00466362e+16,  -2.02090745e+16,  -6.23222561e+16,
         -6.77001307e+16,  -7.52856543e+16,  -1.20495819e+16,
         -1.42219436e+16,  -4.17655822e+16,  -8.39292703e+16],
       [  3.92563893e+13,   7.13730273e+13,  -2.31611438e+14,
         -2.88232496e+14,   6.00277087e+14,  -3.95036437e+14,
          2.50027461e+14,  -1.08158679e+14,  -2.22866675e+12,
         -1.90072788e+14,   1.42538405e+14,   1.94611776e+14,
          1.92700697e+14,   9.37886860e+13,  -5.58394096e+13],
       [ -2.67593715e+14,  -1.94587089e+14,   5.53748908e+13,
          3.64548004e+14,  -6.30124768e+14,   1.99556334e+12,
         -2.62999098e+14,  -1.57595190e+14,  -2.49279998e+14,
         -9.95008475e+13,  -1.96967697e+14,  -1.63492270e+14,
         -3.42217848e+14,  -2.84480044e+14,  -2.82254421e+14]]), 'd2lnv_gamma_psi': array([[  4.11570462e+17,  -9.19127623e+13,   2.63304524e+14],
       [ -9.19127623e+13,   2.63304524e+14,   3.57812649e+14],
       [  2.63304524e+14,   3.57812649e+14,  -3.04648693e+14]]), 'd2lnv_psi_beta': array([[  2.40269741e+17,  -1.61121600e+18,  -2.81552367e+17,
          4.02775332e+17,   1.56775279e+18,   2.21940790e+18,
          1.17369834e+17,  -1.35035104e+17,  -1.31530481e+05,
          2.40775913e+03,  -9.51970315e+17,   2.96432319e+16,
          8.53450522e+17,   2.84333331e+15],
       [ -4.79239105e+17,   3.21331666e+18,   5.61864375e+17,
         -8.04651977e+17,  -3.13489072e+18,  -4.43896345e+18,
         -2.33676355e+17,   2.68550945e+17,   1.86713178e+05,
         -6.10626238e+03,   1.89838258e+18,  -5.90790702e+16,
         -1.70216181e+18,  -5.71405295e+15],
       [ -5.80790266e+14,   3.97380888e+15,   5.63706854e+14,
         -5.82796481e+14,   3.60511334e+14,   2.98441160e+14,
         -4.02815924e+14,   5.09398139e+14,   2.60984119e+04,
          2.34522659e+03,   3.63501484e+15,  -4.69092709e+14,
         -1.94540167e+15,   6.32837942e+13]]), 'd2lnv_gamma_lambda': array([[ -5.41584852e+16,  -7.87877717e+16,  -3.82314187e+16],
       [  3.92563893e+13,   7.13730273e+13,  -2.31611438e+14],
       [ -2.67593715e+14,  -1.94587089e+14,   5.53748908e+13]]), 'd2lnv_psi_lambda': array([[  5.62858494e+16,   7.89616408e+16,   3.83522752e+16],
       [ -1.08277714e+17,  -1.57504170e+17,  -7.66944489e+16],
       [ -1.89080936e+14,  -5.18410346e+13,  -4.07847985e+14]]), 'd2lnv_psi_rho': array([[  5.62858494e+16,   7.89616408e+16,   3.83522752e+16,
          3.33933147e+16,  -8.36754205e+15,   1.22851362e+16,
          8.98824236e+16,   2.04618786e+16,   6.23680335e+16,
          6.79865162e+16,   7.54500195e+16,   1.22106853e+16,
          1.39485975e+16,   4.15154835e+16,   8.37925572e+16],
       [ -1.08277714e+17,  -1.57504170e+17,  -7.66944489e+16,
         -6.69742033e+16,   1.67648902e+16,  -2.44183553e+16,
 {'d2lnv_lambda2': array([[ 4685007.49683456,  3261512.68756005,  3122623.98518297],
       [ 3261512.68756005,  4546650.29711214,  3181721.78944272],
       [ 3122623.98518297,  3181721.78944272,  4539299.11668788]]), 'd2e_lambda_rho': array([[-2840209.61318094, -2681150.10498988, -2635738.14464458,
        -2584751.39740649, -2517729.95083027, -2470374.71042672,
        -2424211.63844346, -2405474.06348621, -2382307.33684014,
        -2321923.52216294, -2292715.53946797, -2220027.55117089,
        -2307398.07047506, -2244366.54214871, -2236433.19045344],
       [-2681150.10498988, -2635738.14464458, -2584751.39740649,
        -2517729.95083027, -2470374.71042672, -2424211.63844346,
        -2405474.06348621, -2382307.33684014, -2321923.52216294,
        -2292715.53946797, -2220027.55117089, -2307398.07047506,
        -2244366.54214871, -2236433.19045344, -2154033.81815235],
       [-2635738.14464458, -2584751.39740649, -2517729.95083027,
        -2470374.71042672, -2424211.63844346, -2405474.06348621,
        -2382307.33684014, -2321923.52216294, -2292715.53946797,
        -2220027.55117089, -2307398.07047506, -2244366.54214871,
        -2236433.19045344, -2154033.81815235, -2106268.44553128]]), 'd2lnv_lambda_beta': array([[   14188.36885805,  -327537.34361199,  -115968.82090291,
         1338466.31360526,    88645.57333547,   237700.26139038,
           36574.32586225, -1030549.96122004,   -13523.1658709 ,
          -10212.99011342,  -549271.85478915,    95725.93360878,
          299366.09003505,    23955.14579417],
       [   49155.27845581,  -552165.1281535 ,  -153704.81900784,
         1130931.96978782,    -5075.06125183,   242858.79869232,
           78747.23292967, -1124143.63871039,    -6968.92865797,
          -10077.06282407,  -743949.13344534,   133458.7899027 ,
          386350.31301614,    25880.69430867],
       [  {'d2lnv_gamma_rho': array([[-2148859.0062616 , -2011225.48462153, -1864401.00522315,
        -1831170.55905439, -1806582.25240204, -1770122.01367919,
        -1735482.65684553, -1725773.58735958, -1718448.16817445,
        -1718830.57967041, -1675338.97733219, -1679488.16156147,
        -1643447.23090991, -1669438.85648155, -1607263.7604682 ],
       [-2227908.74836678, -2070077.36821228, -1927169.39885109,
        -1890195.27854366, -1843263.14474576, -1814029.88540426,
        -1772042.59700511, -1778848.98597375, -1767679.50612165,
        -1785452.03119207, -1727604.31560561, -1708933.04718404,
        -1687541.48359504, -1712693.46928099, -1661481.23005949],
       [-2287942.5655176 , -2125605.19316667, -1973347.06038572,
        -1933784.43915494, -1882653.70673574, -1842862.98025478,
        -1808471.80492919, -1822116.51136875, -1800624.73786685,
        -1828960.01463751, -1763395.27537858, -1749907.05948907,
        -1711388.68377908, -1758974.7116412 , -1706738.99670294]]), 'd2lnv_gamma_psi': array([[ 3875333.58686858,  4016967.68768491,  4145420.78930567],
       [ 4016967.68768491,  4145420.78930567,  4233111.61689258],
       [ 4145420.78930567,  4233111.61689258,  4289393.95967462]]), 'd2lnv_psi_beta': array([[  3.20232518e+05,  -1.74273123e+06,   1.48354091e+05,
         -2.65976138e+05,  -3.20530873e+05,  -2.05899753e+05,
          3.87667816e+05,  -1.01610387e+06,   4.64059350e+04,
          3.07991050e+02,  -2.65970137e+06,   2.55495628e+05,
          7.18806007e+05,  -4.80691627e+03],
       [  4.39788962e+05,  -2.42776535e+06,   1.84845775e+05,
         -1.68752066e+05,  -5.25440109e+05,  -3.85961589e+05,
          5.54659737e+05,  -1.67796209e+06,   6.69058384e+04,
         -4.56709609e+02,  -3.87219292e+06,   3.89067177e+05,
          1.02682514e+06,  -9.73165217e+03],
       [  5.01712259e+05,  -2.77836007e+06,   1.67401069e+05,
          9.54070468e+04,  -5.91008068e+05,  -4.60850332e+05,
          6.51039085e+05,  -1.46352350e+06,   5.58847765e+04,
          2.88856708e+03,  -3.74842991e+06,   4.24110793e+05,
          1.20350099e+06,  -5.81816631e+03]]), 'd2lnv_gamma_lambda': array([[-2148859.0062616 , -2011225.48462153, -1864401.00522315],
       [-2227908.74836678, -2070077.36821228, -1927169.39885109],
       [-2287942.5655176 , -2125605.19316667, -1973347.06038572]]), 'd2lnv_psi_lambda': array([[-2007492.8650161 , -1846667.50099402, -175708Traceback (most recent call last):
  File "b:\forskning\papers\paneltime\paneltime\paneltime\slave.py", line 69, in <module>
    main(f)
  File "b:\forskning\papers\paneltime\paneltime\paneltime\slave.py", line 29, in main
    (msg,obj) = t.receive()
  File "b:\forskning\papers\paneltime\paneltime\paneltime\multi_core.py", line 137, in receive
    return u.load()
EOFError: Ran out of input
me\paneltime\multi_core.py", line 137, in receive
    return u.load()
EOFError: Ran out of input
   [-2069809.26415642, -1952373.60103077, -1801632.6115952 ,
        -1772145.83956512, -1769901.36005831, -1726214.14195413,
        -1698922.71668595, -1672698.18874542, -1669216.83022725,
        -1652209.12814875, -1623073.63905876, -1650043.27593891,
        -1599352.97822479, -1626184.24368211, -1553046.29087691],
       [-2167874.93121596, -2014549.54325789, -1880991.73731645,
        -1846606.11793238, -1803872.58275578, -1785196.79055374,
        -1735613.38908104, -1735581.46057875, -1734734.27437646,
        -1741944.04774662, -1691813.35583264, -1667959.03487901,
        -1663694.28341101, -1666412.22692077, -1616223.46341604]]), 'd2lnv_gamma_z': array([[ 646472.06640542],
       [ 698982.76035826],
       [ 743108.15755725]]), 'd2lnv_gamma2': array([[ 8231870.02778555,  8429804.6802013 ,  8568767.78179127],
       [ 8429804.6802013 ,  8568767.78179127,  8671312.32979738],
       [ 8568767.78179127,  8671312.32979738,  8763836.74024553]]), 'd2lnv_psi_z': array([[ 519687.9079436 ],
       [ 593961.37245258],
       [ 654857.36315928]]), 'd2lnv_gamma_beta': array([[  5.03490273e+05,  -2.78863385e+06,   2.01363187e+05,
         -1.51268310e+04,  -6.44803150e+05,  -5.07061515e+05,
          6.41963879e+05,  -1.64276169e+06,   6.20212767e+04,
          3.87932201e+02,  -4.14417831e+06,   4.42669173e+05,
          1.18364554e+06,  -8.28747507e+03],
       [  5.67191583e+05,  -3.14950235e+06,   2.17880599e+05,
          1.38498404e+05,  -7.64166191e+05,  -6.28161441e+05,
          7.29268021e+05,  -1.60756128e+06,   5.71367150e+04,
          1.23257401e+03,  -4.41616371e+06,   4.96271170e+05,
          1.34046594e+06,  -6.84329797e+03],
       [  6.32670907e+05,  -3.52064463e+06,   2.68360129e+05,
          1.81589762e+05,  -9.37324314e+05,  -7.95472550e+05,
          8.07496956e+05,  -1.75159906e+06,   5.83886534e+04,
         -4.23419059e+02,  -5.08389750e+06,   5.68431546e+05,
          1.47743089e+06,  -7.86842963e+03]])}
<_io.FileIO name='<stdout>' mode='wb' closefd=False>
Traceback (most recent call last):
  File "b:\forskning\papers\paneltime\paneltime\paneltime\slave.py", line 69, in <module>
    main(f)
  File "b:\forskning\papers\paneltime\paneltime\paneltime\slave.py", line 29, in main
    (msg,obj) = t.receive()
  File "b:\forskning\papers\paneltime\paneltime\paneltime\multi_core.py", line 137, in receive
    return u.load()
EOFError: Ran out of input
0017795e+31,  -2.73571123e+31,  -7.24871927e+15,
          5.26262167e+04,  -3.78208800e+32,   1.43219421e+28,
          5.20209823e+32,   1.40352042e+30]]), 'mu': array([ 0.]), 'd2lnv_rho2': array([[ -2.18598029e+30,  -8.40765108e+30,  -1.98190107e+30,
         -6.03227077e+29,   5.14192049e+30,  -5.44958963e+30,
         -6.62350800e+30,  -2.50549371e+30,   7.25435558e+29,
         -4.21831927e+30,  -6.96114481e+30,  -2.11887816e+30,
         -1.02620575e+30,  -1.01456537e+30,  -7.78992040e+30],
       [ -8.40765108e+30,  -4.11512294e+31,  -9.73991284e+30,
         -3.36839925e+30,   2.72700663e+31,  -2.63485050e+31,
         -3.18497440e+31,  -1.23776228e+31,   5.73230206e+30,
         -1.88134033e+31,  -3.36255759e+31,  -1.07643394e+31,
         -4.87920736e+30,  -3.16066248e+30,  -3.74804940e+31],
       [ -1.98190107e+30,  -9.73991284e+30,  -2.53994985e+30,
         -7.81337666e+29,   6.53276004e+30,  -6.16010838e+30,
         -7.65529170e+30,  -2.91130802e+30,   1.38977617e+30,
         -4.45376291e+30,  -7.96836930e+30,  -2.63062852e+30,
         -1.07450571e+30,  -6.98719955e+29,  -8.85450340e+30],
       [ -6.03227077e+29,  -3.36839925e+30,  -7.81337666e+29,
         -6.43068161e+29,   2.17841366e+30,  -1.98917036e+30,
         -2.65599495e+30,  -1.19221935e+30,   2.59754941e+29,
         -1.51366104e+30,  -2.79300356e+30,  -9.15322979e+29,
         -5.95409437e+29,  -2.16687926e+29,  -2.94075668e+30],
       [  5.14192049e+30,   2.72700663e+31,   6.53276004e+30,
          2.17841366e+30,  -1.86618980e+31,   1.74346640e+31,
          2.10557268e+31,   8.18929128e+30,  -4.40917572e+30,
          1.21106706e+31,   2.22197708e+31,   7.22229974e+30,
          3.07552239e+30,   1.68448101e+30,   2.47456956e+31],
       [ -5.44958963e+30,  -2.63485050e+31,  -6.16010838e+30,
         -1.98917036e+30,   1.74346640e+31,  -1.72236649e+31,
         -2.03529437e+31,  -7.94788424e+30,   3.83391524e+30,
         -1.20842298e+31,  -2.15167630e+31,  -7.03197295e+30,
         -3.19685890e+30,  -2.16014751e+30,  -2.40025534e+31],
       [ -6.62350800e+30,  -3.18497440e+31,  -7.65529170e+30,
         -2.65599495e+30,   2.10557268e+31,  -2.03529437e+31,
         -2.48217911e+31,  -9.63291205e+30,   4.30467099e+30,
         -1.46824712e+31,  -2.61345111e+31,  -8.37059963e+30,
         -3.76423791e+30,  -2.45036937e+30,  -2.89943241e+31],
       [ -2.50549371e+30,  -1.23776228e+31,  -2.91130802e+30,
         -1.19221935e+30,   8.18929128e+30,  -7.94788424e+30,
         -9.63291205e+30,  -3.88242738e+30,   1.66006645e+30,
         -5.67098952e+30,  -1.01656994e+31,  -3.32239304e+30,
         -1.60783910e+30,  -9.35819974e+29,  -1.11761310e+31],
       [  7.25435558e+29,   5.73230206e+30,   1.38977617e+30,
          2.59754941e+29,  -4.40917572e+30,   3.83391524e+30,
          4.30467099e+30,   1.66006645e+30,  -1.58928445e+30,
          2.22375989e+30,   4.56814582e+30,   1.64228109e+30,
          5.01352921e+29,   7.46059679e+28,   5.13587562e+30],
       [ -4.21831927e+30,  -1.88134033e+31,  -4.45376291e+30,
         -1.51366104e+30,   1.21106706e+31,  -1.20842298e+31,
         -1.46824712e+31,  -5.67098952e+30,   2.22375989e+30,
         -8.93273453e+30,  -1.54875563e+31,  -4.86352026e+30,
         -2.25025023e+30,  -1.69268191e+30,  -1.72114607e+31],
       [ -6.96114481e+30,  -3.36255759e+31,  -7.96836930e+30,
         -2.79300356e+30,   2.22197708e+31,  -2.15167630e+31,
         -2.61345111e+31,  -1.01656994e+31,   4.56814582e+30,
         -1.54875563e+31,  -2.76087995e+31,  -8.78807309e+30,
         -3.97069795e+30,  -2.53978603e+30,  -3.05963875e+31],
       [ -2.11887816e+30,  -1.07643394e+31,  -2.63062852e+30,
         -9.15322979e+29,   7.22229974e+30,  -7.03197295e+30,
         -8.37059963e+30,  -3.32239304e+30,   1.64228109e+30,
         -4.86352026e+30,  -8.78807309e+30,  -3.05551725e+30,
         -1.41320934e+30,  -8.72977410e+29,  -9.73520608e+30],
       [ -1.02620575e+30,  -4.87920736e+30,  -1.07450571e+30,
         -5.95409437e+29,   3.07552239e+30,  -3.19685890e+30,
         -3.76423791e+30,  -1.60783910e+30,   5.01352921e+29,
         -2.25025023e+30,  -3.97069795e+30,  -1.41320934e+30,
         -9.35048759e+29,  -6.08476132e+29,  -4.41758402e+30],
       [ -1.01456537e+30,  -3.16066248e+30,  -6.98719955e+29,
         -2.16687926e+29,   1.68448101e+30,  -2.16014751e+30,
         -2.45036937e+30,  -9.35819974e+29,   7.46059679e+28,
         -1.69268191e+30,  -2.53978603e+30,  -8.72977410e+29,
         -6.08476132e+29,  -7.99080219e+29,  -3.02471240e+30],
       [ -7.78992040e+30,  -3.74804940e+31,  -8.85450340e+30,
         -2.94075668e+30,   2.47456956e+31,  -2.40025534e+31,
         -2.89943241e+31,  -1.11761310e+31,   5.13587562e+30,
         -1.72114607e+31,  -3.05963875e+31,  -9.73520608e+30,
         -4.41758402e+30,  -3.02471240e+30,  -3.42696246e+31]]), 'd2lnv_rho_beta': array([[ -4.39869956e+32,   2.97599495e+33,   6.76742063e+32,
         -9.22701273e+32,  -8.00657241e+32,  -8.15319336e+32,
         -9.33549682e+31,   1.02773055e+32,  -1.41587688e+07,
          1.97261387e+12,   1.23053167e+33,  -1.61200805e+29,
         -1.56961898e+33,  -2.19384362e+30],
       [ -5.35560946e+32,   3.62107271e+33,   9.08998902e+32,
         -1.24746405e+33,  -1.54930923e+33,  -1.93235307e+33,
         -9.27648315e+31,   1.02284131e+32,  -2.61102725e+18,
          1.88722508e+12,   1.49456919e+33,  -1.43799783e+29,
         -1.87095596e+33,  -4.12615378e+30],
       [ -4.42591326e+32,   2.98886602e+33,   8.70959452e+32,
         -1.20765721e+33,  -8.37009061e+32,  -9.03430953e+32,
         -1.30468292e+32,   1.27431764e+32,  -3.79388177e+14,
          3.40144912e+12,   1.24762158e+33,  -1.51252413e+29,
         -1.56882098e+33,   9.61019905e+30],
       [ -4.24272518e+32,   2.85403719e+33,   7.34320725e+32,
         -1.05661233e+33,  -7.38776084e+32,  -7.70976222e+32,
         -1.13505527e+32,   1.22877273e+32,  -2.61126308e+18,
          8.07497440e+12,   1.20739419e+33,  -1.50376202e+29,
         -1.59492848e+33,   8.01989686e+29],
       [ -3.34628925e+32,   2.24526710e+33,   5.59945586e+32,
         -8.27178521e+32,  -1.77931592e+32,   2.23898181e+32,
         -6.10425212e+31,   5.83288145e+31,  -6.13818174e+14,
          1.59314646e+13,   9.57653443e+32,  -1.33099308e+29,
         -1.23394668e+33,   1.73518120e+29],
       [ -4.92569152e+32,   3.31311768e+33,   9.82614578e+32,
         -1.41600439e+33,  -1.35434384e+33,  -1.60189771e+33,
         -8.88470396e+31,   1.00825283e+32,  -2.61174828e+18,
         -2.11231584e+12,   1.39577976e+33,  -1.39341164e+29,
         -1.94114881e+33,  -1.64627675e+31],
       [ -5.08526707e+32,   3.43573984e+33,   9.18846715e+32,
         -1.26910915e+33,  -1.36790672e+33,  -1.69926565e+33,
         -1.08517146e+32,   1.15579382e+32,  -1.22520917e+15,
          7.44264977e+13,   1.43519364e+33,  -1.84428740e+29,
         -1.86485809e+33,  -9.21585906e+30],
       [ -4.51176682e+32,   3.04876744e+33,   8.84318038e+32,
         -1.21902963e+33,  -8.90509205e+32,  -1.16674748e+33,
         -7.19427189e+31,   7.68211817e+31,  -2.61256925e+18,
          2.57886530e+12,   1.27431014e+33,  -1.26934240e+29,
         -1.66786158e+33,   3.76969876e+30],
       [ -3.98191870e+32,   2.68723512e+33,   5.98870788e+32,
         -8.35711149e+32,  -5.05212546e+32,  -3.14664741e+32,
         -8.74866439e+31,   9.27860153e+31,  -6.19673122e+15,
          2.82126108e+14,   1.13145583e+33,  -1.07101196e+29,
         -1.52326744e+33,  -7.51955063e+30],
       [ -4.70551036e+32,   3.17089114e+33,   8.39256618e+32,
         -1.18762056e+33,  -1.04950508e+33,  -1.13393431e+33,
         -1.49030809e+32,   1.66537839e+32,  -2.62189896e+18,
          1.40155175e+15,   1.32668163e+33,  -1.10228518e+29,
         -1.75106453e+33,   3.37400162e+30],
       [ -5.13812455e+32,   3.46054522e+33,   8.54267928e+32,
         -1.21481078e+33,  -1.35534466e+33,  -1.52984669e+33,
         -1.89461517e+32,   2.19233318e+32,  -2.63341903e+18,
          1.66161638e+15,   1.45081682e+33,  -9.46584029e+28,
         -1.98923710e+33,  -3.58544199e+30],
       [ -4.46151607e+32,   3.00697009e+33,   7.57624616e+32,
         -1.07008285e+33,  -7.96729466e+32,  -9.85305337e+32,
         -1.04235835e+32,   1.06129547e+32,  -3.58499384e+16,
          1.05638274e+15,   1.25818876e+33,  -1.10190066e+29,
         -1.71476151e+33,  -3.57773730e+30],
       [ -4.29153151e+32,   2.88190738e+33,   7.76464770e+32,
         -1.13660663e+33,  -7.58256827e+32,  -6.99905677e+32,
         -8.47091898e+31,   7.96253180e+31,  -1.12524671e+17,
          1.39561585e+16,   1.21354168e+33,  -8.13871910e+28,
         -1.61334196e+33,   1.80457614e+31],
       [ -4.24164818e+32,   2.84099655e+33,   8.34983104e+32,
         -1.25418488e+33,  -7.90954998e+32,  -8.61263322e+32,
         -8.12496220e+31,   8.94677663e+31,  -3.24946225e+17,
          9.14673986e+15,   1.20301046e+33,  -1.27661286e+29,
         -1.64833786e+33,  -4.48190269e+30],
       [ -5.24584806e+32,   3.51891210e+33,   9.62725449e+32,
         -1.42458364e+33,  -1.55772390e+33,  -1.78619415e+33,
         -1.36514731e+32,   1.58241813e+32,  -1.84544472e+17,
         -3.23072461e+16,   1.49065450e+33,  -1.05638771e+29,
         -2.02215175e+33,  -6.35942107e+30]]), 'd2lnv_mu_lambda': array([[ -7.14969450e+29,  -8.00333895e+29,  -5.90380279e+29]]), 'd2lnv_mu_z': array([[  5.71003049e+29]]), 'd2e_rho2': None, 'd2lnv_z_rho': array([[  2.72807316e+31,   1.33824540e+32,   3.16605040e+31,
          1.11951243e+31,  -8.90265893e+31,   8.55757414e+31,
          1.03829642e+32,   4.05013830e+31,  -1.87464267e+31,
          6.12071502e+31,   1.09606762e+32,   3.50340396e+31,
          1.58597244e+31,   9.95921324e+30,   1.21762002e+32]]), 'd2lnv_z2': array([[ 0.]]), 'd2lnv_z_lambda': array([[  2.72807316e+31,   1.33824540e+32,   3.16605040e+31]]), 'd2lnv_z_beta': array([[  3.95817242e+32,  -2.66910111e+33,  -7.48444452e+32,
          1.05198382e+33,   3.01532759e+33,   4.09197556e+33,
          1.14715024e+32,  -1.40358463e+32,   3.12858580e+06,
         -4.59133648e+10,  -1.11613356e+33,   1.13828016e+29,
          1.50597241e+33,   5.58722406e+30]]), 'd2lnv_mu_rho': array([[ -7.14969450e+29,  -8.00333895e+29,  -5.90380279e+29,
         -5.92695024e+29,  -4.47994338e+29,  -6.90133564e+29,
         -7.16698983e+29,  -5.98247307e+29,  -5.19993038e+29,
         -6.11647197e+29,  -6.84962636e+29,  -5.74357230e+29,
         -4.58069359e+29,  -5.47304118e+29,  -6.75388683e+29]])}
<_io.FileIO name='<stdout>' mode='wb' closefd=False>
{'d2lnv_mu_beta': array([[ -1.24775558e+15,   8.24357381e+15,   5.75354761e+14,
         -5.59000161e+14,  -2.19815110e+15,  -3.49533489e+15,
         -9.65148399e+14,   1.26072942e+15,  -2.73923525e+12,
         -3.86705724e+11,   6.20792025e+15,  -7.41696399e+14,
         -4.11608912e+15,  -1.20495926e+13]]), 'd2e_rho_beta': array([[  5.78486049e+16,  -3.93104673e+17,  -8.55637921e+16,
          1.15572297e+17,   8.76525680e+16,   5.70423968e+16,
          2.02874650e+16,  -2.35935854e+16,   2.12608726e+04,
          5.48426119e+04,  -1.62122010e+17,  -4.34229467e+15,
          2.19191141e+17,   4.81465080e+14],
       [  5.78486049e+16,  -3.92935660e+17,  -1.12195208e+17,
          1.53894209e+17,   4.40967055e+17,   5.98363574e+17,
          1.66831343e+16,  -1.81579225e+16,   4.40282303e+04,
          5.41887391e+04,  -1.64010240e+17,  -4.34229467e+15,
          2.22932662e+17,   7.82033562e+14],
       [  5.78486049e+16,  -3.94364371e+17,  -9.08741954e+16,
          1.17487861e+17,   8.21336301e+16,   7.22042870e+16,
          1.37976456e+16,  -1.48743824e+16,   8.17605613e+04,
          4.76756381e+04,  -1.62455484e+17,  -4.34229467e+15,
          2.08440836e+17,   1.30929596e+14],
       [  5.78486049e+16,  -3.94485544e+17,  -9.73243363e+16,
          1.26446555e+17,   8.11804122e+16,   8.90260589e+16,
          1.00103671e+16,  -1.12868746e+16,  -8.82950475e+06,
          5.78576455e+04,  -1.61642111e+17,  -4.34229467e+15,
          1.99457676e+17,   4.94158924e+14],
       [  5.78486049e+16,  -3.94205069e+17,  -1.16355240e+17,
          1.51355453e+17,   8.50834489e+16,   8.30603233e+16,
          2.12062514e+16,  -2.19353367e+16,   8.86887810e+04,
          5.04480396e+04,  -1.63259830e+17,  -4.34229467e+15,
          2.05475697e+17,  -9.25162746e+14],
       [  5.78486049e+16,  -3.93131787e+17,  -1.08499901e+17,
          1.45155312e+17,   8.75268872e+16,   8.79948117e+16,
          1.97279513e+16,  -2.12999688e+16,  -8.82619219e+06,
          5.08263511e+04,  -1.64310414e+17,  -4.34229467e+15,
          2.14778576e+17,  -2.07463087e+14],
       [  5.78486049e+16,  -3.92260418e+17,  -1.02648653e+17,
          1.40652853e+17,   1.05364214e+17,   7.84133323e+16,
          1.32382871e+16,  -1.49205308e+16,   7.81153519e+04,
          5.68389586e+04,  -1.64923404e+17,  -4.34229467e+15,
          2.12507892e+17,  -2.11065243e+14],
       [  5.78486049e+16,  -3.92370094e+17,  -1.17280201e+17,
          1.63533805e+17,   1.01848195e+17,   1.09230890e+17,
          1.10303221e+16,  -7.38865597e+15,  -8.85882315e+06,
          4.70894702e+04,  -1.64505154e+17,  -4.34229467e+15,
          2.27600836e+17,   1.89848155e+15],
       [  5.78486049e+16,  -3.94080479e+17,  -9.81007417e+16,
          1.28790166e+17,   8.37039061e+16,   9.84276235e+16,
          1.28921231e+16,  -1.34187290e+16,   8.69450452e+04,
          4.66793394e+04,  -1.63891963e+17,  -4.34229467e+15,
          2.09766098e+17,   8.89523034e+14],
       [  5.78486049e+16,  -3.94118239e+17,  -1.15116487e+17,
          1.50847898e+17,   8.17906184e+16,   1.05206524e+17,
          1.22452444e+16,  -1.22501629e+16,  -8.86458958e+06,
          4.90942918e+04,  -1.64012525e+17,  -4.34229467e+15,
          2.13336777e+17,  -4.91905301e+14],
       [  5.78486049e+16,  -3.93443617e+17,  -8.83466483e+16,
          1.17663669e+17,   8.43357164e+16,   6.84876371e+16,
          1.52617429e+16,  -1.71509562e+16,   9.97599889e+04,
          5.40665691e+04,  -1.64746532e+17,  -2.58194357e+15,
          2.20522397e+17,   9.03283460e+14],
       [  5.78486049e+16,  -3.92841108e+17,  -1.03347552e+17,
          1.41618641e+17,   8.20801306e+16,   7.49725798e+16,
          2.23833422e+16,  -2.34238002e+16,  -8.80251978e+06,
          5.03173634e+04,  -1.63656872e+17,  -2.58194357e+15,
          2.13952253e+17,  -6.51031600e+14],
       [  5.78486049e+16,  -3.92495557e+17,  -9.36098760e+16,
          1.27968579e+17,   7.56965341e+16,   6.36080911e+16,
          2.40867588e+16,  -2.69383297e+16,  -8.73331059e+06,
          5.49822051e+04,  -1.64081822e+17,  -2.58194357e+15,
          2.23509724e+17,   1.24270953e+14],
       [  5.78486049e+16,  -3.92860629e+17,  -1.03675369e+17,
          1.39018944e+17,   7.16676555e+16,   8.77766059e+16,
          1.57153349e+16,  -1.52071253e+16,   7.58932961e+04,
          4.94880649e+04,  -1.63969110e+17,  -2.58194357e+15,
          2.22799272e+17,   5.65791359e+14],
       [  5.78486049e+16,  -3.91585979e+17,  -1.00615679e+17,
          1.42619216e+17,   8.52256139e+16,   7.11912425e+16,
          1.52718383e+16,  -1.11587873e+16,   1.40162912e+05,
          4.60980507e+04,  -1.64172495e+17,  -2.58194357e+15,
          2.18195853e+17,  -2.25846831e+15]]), 'mu': array([ 0.]), 'd2lnv_rho2': array([[  3.68173472e+16,  -3.87746597e+15,   4.37257474e+14,
         -1.88699134e+15,   8.66318939e+14,  -2.65823492e+14,
         -1.03243664e+16,   3.48916597e+15,  -7.76870122e+15,
         -3.96766583e+15,  -4.19210170e+15,   3.26098753e+15,
         -5.42364261e+14,  -4.84216115e+15,  -5.47623912e+15],
       [ -3.87746597e+15,  -1.35064665e+16,  -7.20503233e+15,
         -5.44415560e+15,   2.32432915e+15,  -1.75460800e+15,
         -1.31417139e+16,  -2.67159268e+15,  -9.18429445e+15,
         -9.04728821e+15,  -1.00727665e+16,  -2.85753204e+15,
         -4.37364944e+15,  -8.12533806e+15,  -1.42541441e+16],
       [  4.37257474e+14,  -7.20503233e+15,  -4.71643833e+15,
         -3.53568864e+15,   7.10870319e+14,  -9.50203843e+14,
         -7.77966060e+15,  -8.02453235e+14,  -5.76663392e+15,
         -4.63843465e+15,  -4.56510014e+15,  -2.78247267e+15,
         -3.42445477e+15,  -6.80176074e+15,  -7.90641125e+15],
       [ -1.88699134e+15,  -5.44415560e+15,  -3.53568864e+15,
         -2.98622761e+15,  -2.72451969e+14,  -1.45642846e+14,
         -6.76479588e+15,  -7.64013176e+14,  -5.83731342e+15,
         -4.69501007e+15,  -4.41247238e+15,  -1.55298785e+15,
         -1.93863930e+15,  -5.04025705e+15,  -6.11244693e+15],
       [  8.66318939e+14,   2.32432915e+15,   7.10870319e+14,
         -2.72451969e+14,  -2.51663408e+15,   2.08016989e+15,
          7.95057289e+13,   7.49291744e+14,  -2.41799274e+15,
         -3.49909901e+14,   7.38398025e+14,   1.27340408e+15,
          9.05169838e+14,  -9.87207239e+13,   1.86524820e+15],
       [ -2.65823492e+14,  -1.75460800e+15,  -9.50203843e+14,
         -1.45642846e+14,   2.08016989e+15,  -2.77691334e+15,
         -2.29148206e+15,  -3.03649417e+14,   2.03285738e+15,
          8.91261274e+13,  -1.11331831e+15,  -2.59146515e+15,
         -9.81604427e+14,  -1.99130192e+15,  -1.67144105e+15],
       [ -1.03243664e+16,  -1.31417139e+16,  -7.77966060e+15,
         -6.76479588e+15,   7.95057289e+13,  -2.29148206e+15,
         -1.72472233e+16,  -3.05488234e+15,  -1.21726034e+16,
         -1.20830303e+16,  -1.28685047e+16,  -3.66431638e+15,
         -3.41506585e+15,  -1.07994486e+16,  -1.46101209e+16],
       [  3.48916597e+15,  -2.67159268e+15,  -8.02453235e+14,
         -7.64013176e+14,   7.49291744e+14,  -3.03649417e+14,
         -3.05488234e+15,  -1.21219763e+13,  -1.93021000e+15,
         -1.79867088e+15,  -2.23480626e+15,   8.75552206e+13,
         -4.08449848e+14,  -1.04296730e+15,  -2.71284421e+15],
       [ -7.76870122e+15,  -9.18429445e+15,  -5.76663392e+15,
         -5.83731342e+15,  -2.41799274e+15,   2.03285738e+15,
         -1.21726034e+16,  -1.93021000e+15,  -1.29517917e+16,
         -1.00850046e+16,  -9.27538426e+15,  -2.57183104e+14,
         -1.98818832e+15,  -7.03607532e+15,  -1.06341355e+16],
       [ -3.96766583e+15,  -9.04728821e+15,  -4.63843465e+15,
         -4.69501007e+15,  -3.49909901e+14,   8.91261274e+13,
         -1.20830303e+16,  -1.79867088e+15,  -1.00850046e+16,
         -9.05315127e+15,  -9.29814607e+15,  -5.84788437e+14,
         -1.42728224e+15,  -5.63441382e+15,  -1.01155803e+16],
       [ -4.19210170e+15,  -1.00727665e+16,  -4.56510014e+15,
         -4.41247238e+15,   7.38398025e+14,  -1.11331831e+15,
         -1.28685047e+16,  -2.23480626e+15,  -9.27538426e+15,
         -9.29814607e+15,  -1.04316004e+16,  -4.58698473e+14,
         -1.33274019e+15,  -5.53249961e+15,  -1.09476770e+16],
       [  3.26098753e+15,  -2.85753204e+15,  -2.78247267e+15,
         -1.55298785e+15,   1.27340408e+15,  -2.59146515e+15,
         -3.66431638e+15,   8.75552206e+13,  -2.57183104e+14,
         -5.84788437e+14,  -4.58698473e+14,  -4.23727698e+15,
         -3.10384033e+15,  -5.72083365e+15,  -3.46344239e+15],
       [ -5.42364261e+14,  -4.37364944e+15,  -3.42445477e+15,
         -1.93863930e+15,   9.05169838e+14,  -9.81604427e+14,
         -3.41506585e+15,  -4.08449848e+14,  -1.98818832e+15,
         -1.42728224e+15,  -1.33274019e+15,  -3.10384033e+15,
         -3.12924465e+15,  -5.06498046e+15,  -4.49898588e+15],
       [ -4.84216115e+15,  -8.12533806e+15,  -6.80176074e+15,
         -5.04025705e+15,  -9.87207239e+13,  -1.99130192e+15,
         -1.07994486e+16,  -1.04296730e+15,  -7.03607532e+15,
         -5.63441382e+15,  -5.53249961e+15,  -5.72083365e+15,
         -5.06498046e+15,  -1.15231235e+16,  -9.31348953e+15],
       [ -5.47623912e+15,  -1.42541441e+16,  -7.90641125e+15,
         -6.11244693e+15,   1.86524820e+15,  -1.67144105e+15,
         -1.46101209e+16,  -2.71284421e+15,  -1.06341355e+16,
         -1.01155803e+16,  -1.09476770e+16,  -3.46344239e+15,
         -4.49898588e+15,  -9.31348953e+15,  -1.49295389e+16]]), 'd2lnv_rho_beta': array([[ -1.30622807e+17,   8.77409520e+17,   1.56224400e+17,
         -2.26065208e+17,  -2.35688715e+17,  -2.95050103e+17,
         -5.59563864e+16,   6.54800029e+16,   1.10767835e+05,
         -1.17974902e+03,   5.27705652e+17,  -1.89882908e+16,
         -4.49559645e+17,   7.52149031e+14],
